12
Time_01
Time_02
Time_03
Time_04
Time_05
Time_06
Time_07
Time_08
Time_09
Time_10
Time_11
Time_12
0	200	100	167	300	100	200	289	300	100	200	294
200	0	300	200	400	300	300	100	100	100	300	200
100	300	0	267	200	200	300	300	400	200	100	200
167	200	267	0	361	130	100	122	300	100	322	222
300	400	200	361	0	400	433	300	500	400	100	200
100	300	200	130	400	0	100	252	400	200	300	352
200	300	300	100	433	100	0	222	400	200	400	322
289	100	300	122	300	252	222	0	200	200	200	100
300	100	400	300	500	400	400	200	0	200	400	300
100	100	200	100	400	200	200	200	200	0	300	300
200	300	100	322	100	300	400	200	400	300	0	100
294	200	200	222	200	352	322	100	300	300	100	0
4
4
5
