12
Time_01
Time_02
Time_03
Time_04
Time_05
Time_06
Time_07
Time_08
Time_09
Time_10
Time_11
Time_12
0	191	291	609	480	542	569	716	442	325	291	580
191	0	100	418	289	351	378	525	251	516	100	389
291	100	0	518	389	451	478	625	351	616	200	489
609	418	518	0	256	463	356	653	563	627	445	156
480	289	389	256	0	407	100	597	507	472	189	100
542	351	451	463	407	0	507	190	100	867	451	307
569	378	478	356	100	507	0	647	538	372	289	200
716	525	625	653	597	190	647	0	274	704	625	497
442	251	351	563	507	100	538	274	0	767	351	407
325	516	616	627	472	867	372	704	767	0	616	572
291	100	200	445	189	451	289	625	351	616	0	289
580	389	489	156	100	307	200	497	407	572	289	0
4
4
5
