12
Time_01
Time_02
Time_03
Time_04
Time_05
Time_06
Time_07
Time_08
Time_09
Time_10
Time_11
Time_12
0	606	513	100	400	300	232	200	500	552	500	200
606	0	547	506	297	388	554	588	397	105	397	488
513	547	0	413	513	413	413	315	613	652	613	313
100	506	413	0	300	200	132	100	400	452	400	100
400	297	513	300	0	100	300	300	100	402	100	200
300	388	413	200	100	0	200	200	200	493	200	100
232	554	413	132	300	200	0	148	400	584	400	100
200	588	315	100	300	200	148	0	400	552	400	100
500	397	613	400	100	200	400	400	0	502	200	300
552	105	652	452	402	493	584	552	502	0	502	552
500	397	613	400	100	200	400	400	200	502	0	300
200	488	313	100	200	100	100	100	300	552	300	0
4
4
5
