12
Time_01
Time_02
Time_03
Time_04
Time_05
Time_06
Time_07
Time_08
Time_09
Time_10
Time_11
Time_12
0	338	438	400	238	696	100	682	200	277	300	408
338	0	100	100	100	555	400	555	300	282	200	267
438	100	0	200	200	600	500	655	400	356	300	367
400	100	200	0	200	455	300	455	200	382	100	167
238	100	200	200	0	603	338	587	263	182	300	367
696	555	600	455	603	0	755	910	655	633	555	288
100	400	500	300	338	755	0	582	100	177	200	467
682	555	655	455	587	910	582	0	655	405	555	622
200	300	400	200	263	655	100	655	0	277	100	367
277	282	356	382	182	633	177	405	277	0	377	549
300	200	300	100	300	555	200	555	100	377	0	267
408	267	367	167	367	288	467	622	367	549	267	0
5
5
5
