12
Time_01
Time_02
Time_03
Time_04
Time_05
Time_06
Time_07
Time_08
Time_09
Time_10
Time_11
Time_12
0	100	226	469	200	483	174	100	225	200	126	399
100	0	326	369	100	409	100	126	251	300	226	425
226	326	0	490	426	364	253	326	451	200	100	625
469	369	490	0	428	778	469	495	498	669	590	335
200	100	426	428	0	509	200	226	351	338	326	525
483	409	364	778	509	0	309	509	634	564	464	532
174	100	253	469	200	309	0	226	351	374	300	525
100	126	326	495	226	509	226	0	125	300	226	299
225	251	451	498	351	634	351	125	0	425	351	424
200	300	200	669	338	564	374	300	425	0	100	485
126	226	100	590	326	464	300	226	351	100	0	525
399	425	625	335	525	532	525	299	424	485	525	0
5
5
5
