12
Time_01
Time_02
Time_03
Time_04
Time_05
Time_06
Time_07
Time_08
Time_09
Time_10
Time_11
Time_12
0	200	100	364	290	264	138	401	364	364	449	100
200	0	100	377	490	409	338	201	309	164	282	300
100	100	0	277	390	364	238	301	409	264	382	200
364	377	277	0	654	100	502	527	200	541	427	264
290	490	390	654	0	554	152	563	654	654	463	390
264	409	364	100	554	0	402	427	100	573	327	164
138	338	238	502	152	402	0	411	502	502	311	238
401	201	301	527	563	427	411	0	510	365	100	501
364	309	409	200	654	100	502	510	0	473	427	264
364	164	264	541	654	573	502	365	473	0	283	464
449	282	382	427	463	327	311	100	427	283	0	491
100	300	200	264	390	164	238	501	264	464	491	0
4
4
5
