12
Time_01
Time_02
Time_03
Time_04
Time_05
Time_06
Time_07
Time_08
Time_09
Time_10
Time_11
Time_12
0	475	685	640	100	936	504	221	430	332	400	715
475	0	501	392	504	792	100	309	100	420	397	761
685	501	0	389	585	450	405	467	601	356	616	827
640	392	389	0	696	839	292	419	492	530	589	738
100	504	585	696	0	1035	404	321	530	432	500	815
936	792	450	839	1035	0	833	901	692	796	536	835
504	100	405	292	404	833	0	409	200	520	297	661
221	309	467	419	321	901	409	0	209	111	371	735
430	100	601	492	530	692	200	209	0	320	497	677
332	420	356	530	432	796	520	111	320	0	260	624
400	397	616	589	500	536	297	371	497	260	0	364
715	761	827	738	815	835	661	735	677	624	364	0
4
4
5
