12
Time_01
Time_02
Time_03
Time_04
Time_05
Time_06
Time_07
Time_08
Time_09
Time_10
Time_11
Time_12
0	100	200	351	213	200	100	100	408	300	200	200
100	0	100	251	113	300	200	200	502	400	300	300
200	100	0	151	213	400	100	300	602	500	400	200
351	251	151	0	364	551	251	451	753	489	453	351
213	113	213	364	0	413	313	313	615	513	413	413
200	300	400	551	413	0	300	100	208	100	200	400
100	200	100	251	313	300	0	200	508	400	300	100
100	200	300	451	313	100	200	0	308	200	100	300
408	502	602	753	615	208	508	308	0	308	408	608
300	400	500	489	513	100	400	200	308	0	300	500
200	300	400	453	413	200	300	100	408	300	0	400
200	300	200	351	413	400	100	300	608	500	400	0
5
5
5
