12
Time_01
Time_02
Time_03
Time_04
Time_05
Time_06
Time_07
Time_08
Time_09
Time_10
Time_11
Time_12
0	650	369	100	269	597	100	498	401	702	506	200
650	0	281	704	386	764	653	837	413	614	527	757
369	281	0	433	499	483	469	556	132	333	246	533
100	704	433	0	369	638	200	598	301	766	606	100
269	386	499	369	0	549	267	498	367	661	527	469
597	764	483	638	549	0	697	945	351	421	729	738
100	653	469	200	267	697	0	398	501	802	406	300
498	837	556	598	498	945	398	0	688	889	386	603
401	413	132	301	367	351	501	688	0	465	378	401
702	614	333	766	661	421	802	889	465	0	579	866
506	527	246	606	527	729	406	386	378	579	0	660
200	757	533	100	469	738	300	603	401	866	660	0
4
4
5
