12
Time_01
Time_02
Time_03
Time_04
Time_05
Time_06
Time_07
Time_08
Time_09
Time_10
Time_11
Time_12
0	622	260	100	489	778	200	422	522	390	490	360
622	0	362	522	246	774	462	200	100	386	486	440
260	362	0	160	389	684	100	162	262	296	298	100
100	522	160	0	389	717	100	322	422	329	429	260
489	246	389	389	0	768	289	446	346	459	359	489
778	774	684	717	768	0	765	774	674	388	488	679
200	462	100	100	289	765	0	262	362	377	398	200
422	200	162	322	446	774	262	0	100	386	460	262
522	100	262	422	346	674	362	100	0	286	386	362
390	386	296	329	459	388	377	386	286	0	100	396
490	486	298	429	359	488	398	460	386	100	0	398
360	440	100	260	489	679	200	262	362	396	398	0
4
4
5
