12
Time_01
Time_02
Time_03
Time_04
Time_05
Time_06
Time_07
Time_08
Time_09
Time_10
Time_11
Time_12
0	664	617	564	564	572	572	749	626	462	581	464
664	0	200	300	100	100	418	206	341	219	100	200
617	200	0	400	200	100	426	406	141	319	200	300
564	300	400	0	200	300	626	185	262	108	227	100
564	100	200	200	0	100	444	306	262	308	200	100
572	100	100	300	100	0	344	306	241	219	100	200
572	418	426	626	444	344	0	501	364	563	444	526
749	206	406	185	306	306	501	0	288	293	306	285
626	341	141	262	262	241	364	288	0	370	341	162
462	219	319	108	308	219	563	293	370	0	119	208
581	100	200	227	200	100	444	306	341	119	0	300
464	200	300	100	100	200	526	285	162	208	300	0
4
4
5
