12
Time_01
Time_02
Time_03
Time_04
Time_05
Time_06
Time_07
Time_08
Time_09
Time_10
Time_11
Time_12
0	100	200	243	299	200	343	100	200	343	558	200
100	0	300	343	199	100	443	200	286	299	644	100
200	300	0	303	489	233	403	100	200	403	528	277
243	343	303	0	200	426	100	203	303	100	491	443
299	199	489	200	0	256	298	399	414	100	491	299
200	100	233	426	256	0	526	286	186	326	544	200
343	443	403	100	298	526	0	303	403	200	591	543
100	200	100	203	399	286	303	0	100	303	458	300
200	286	200	303	414	186	403	100	0	403	358	386
343	299	403	100	100	326	200	303	403	0	391	399
558	644	528	491	491	544	591	458	358	391	0	672
200	100	277	443	299	200	543	300	386	399	672	0
5
5
5
