12
Time_01
Time_02
Time_03
Time_04
Time_05
Time_06
Time_07
Time_08
Time_09
Time_10
Time_11
Time_12
0	422	349	322	234	567	134	520	222	322	667	526
422	0	115	300	397	345	297	298	200	100	261	292
349	115	0	246	512	460	412	413	146	215	376	177
322	300	246	0	535	445	456	398	100	200	545	321
234	397	512	535	0	580	100	533	435	335	603	689
567	345	460	445	580	0	642	100	345	245	100	637
134	297	412	456	100	642	0	595	356	397	558	589
520	298	413	398	533	100	595	0	298	198	200	590
222	200	146	100	435	345	356	298	0	100	445	323
322	100	215	200	335	245	397	198	100	0	345	392
667	261	376	545	603	100	558	200	445	345	0	553
526	292	177	321	689	637	589	590	323	392	553	0
4
4
5
