12
Time_01
Time_02
Time_03
Time_04
Time_05
Time_06
Time_07
Time_08
Time_09
Time_10
Time_11
Time_12
0	268	307	450	357	660	207	560	510	581	107	628
268	0	252	625	416	500	266	515	744	526	366	690
307	252	0	757	250	579	100	679	817	274	200	524
450	625	757	0	507	210	657	110	339	963	557	233
357	416	250	507	0	329	150	429	648	524	250	274
660	500	579	210	329	0	479	100	319	853	570	443
207	266	100	657	150	479	0	579	717	374	100	424
560	515	679	110	429	100	579	0	229	853	667	343
510	744	817	339	648	319	717	229	0	624	617	470
581	526	274	963	524	853	374	853	624	0	474	798
107	366	200	557	250	570	100	667	617	474	0	521
628	690	524	233	274	443	424	343	470	798	521	0
4
4
5
