12
Time_01
Time_02
Time_03
Time_04
Time_05
Time_06
Time_07
Time_08
Time_09
Time_10
Time_11
Time_12
0	100	161	779	686	627	361	361	686	644	625	261
100	0	261	686	686	727	461	461	586	744	686	361
161	261	0	618	525	466	200	200	552	483	464	100
779	686	618	0	200	800	418	464	100	466	200	518
686	686	525	200	0	600	325	464	100	466	200	425
627	727	466	800	600	0	553	666	700	696	800	566
361	461	200	418	325	553	0	200	425	558	464	100
361	461	200	464	464	666	200	0	364	558	264	100
686	586	552	100	100	700	425	364	0	366	100	452
644	744	483	466	466	696	558	558	366	0	466	458
625	686	464	200	200	800	464	264	100	466	0	364
261	361	100	518	425	566	100	100	452	458	364	0
5
5
5
