12
Time_01
Time_02
Time_03
Time_04
Time_05
Time_06
Time_07
Time_08
Time_09
Time_10
Time_11
Time_12
0	670	501	301	401	459	613	563	651	477	401	641
670	0	508	561	608	660	543	643	525	708	661	632
501	508	0	200	100	152	121	221	350	200	300	742
301	561	200	0	100	278	312	382	350	200	100	758
401	608	100	100	0	178	221	282	250	100	200	803
459	660	152	278	178	0	204	104	428	278	378	625
613	543	121	312	221	204	0	100	471	321	412	621
563	643	221	382	282	104	100	0	532	382	482	521
651	525	350	350	250	428	471	532	0	350	450	860
477	708	200	200	100	278	321	382	350	0	300	903
401	661	300	100	200	378	412	482	450	300	0	658
641	632	742	758	803	625	621	521	860	903	658	0
4
4
5
