12
Time_01
Time_02
Time_03
Time_04
Time_05
Time_06
Time_07
Time_08
Time_09
Time_10
Time_11
Time_12
0	200	329	485	300	427	393	100	200	400	300	200
200	0	129	329	100	260	229	100	200	229	300	200
329	129	0	200	229	131	100	229	300	100	200	293
485	329	200	0	429	331	163	385	300	100	200	285
300	100	229	429	0	360	329	200	300	329	400	300
427	260	131	331	360	0	181	327	227	231	327	374
393	229	100	163	329	181	0	293	393	200	300	193
100	100	229	385	200	327	293	0	100	300	200	100
200	200	300	300	300	227	393	100	0	200	100	200
400	229	100	100	329	231	200	300	200	0	100	378
300	300	200	200	400	327	300	200	100	100	0	300
200	200	293	285	300	374	193	100	200	378	300	0
4
4
5
