12
Time_01
Time_02
Time_03
Time_04
Time_05
Time_06
Time_07
Time_08
Time_09
Time_10
Time_11
Time_12
0	613	300	213	345	313	100	240	200	113	400	684
613	0	494	582	714	682	524	394	540	500	594	758
300	494	0	400	325	343	200	100	100	300	100	577
213	582	400	0	132	100	200	453	300	100	357	701
345	714	325	132	0	100	332	425	343	232	225	701
313	682	343	100	100	0	300	443	243	200	266	601
100	524	200	200	332	300	0	300	100	100	300	584
240	394	100	453	425	443	300	0	200	353	200	677
200	540	100	300	343	243	100	200	0	200	200	677
113	500	300	100	232	200	100	353	200	0	397	684
400	594	100	357	225	266	300	200	200	397	0	677
684	758	577	701	701	601	584	677	677	684	677	0
4
4
5
