12
Time_01
Time_02
Time_03
Time_04
Time_05
Time_06
Time_07
Time_08
Time_09
Time_10
Time_11
Time_12
0	200	300	300	200	200	489	682	100	676	100	512
200	0	156	100	200	400	489	660	300	674	100	712
300	156	0	256	100	481	589	782	400	518	200	812
300	100	256	0	300	500	589	760	400	590	200	665
200	200	100	300	0	400	489	682	300	618	100	712
200	400	481	500	400	0	689	693	100	853	300	712
489	489	589	589	489	689	0	193	589	187	389	964
682	660	782	760	682	693	193	0	593	380	582	916
100	300	400	400	300	100	589	593	0	753	200	612
676	674	518	590	618	853	187	380	753	0	576	777
100	100	200	200	100	300	389	582	200	576	0	612
512	712	812	665	712	712	964	916	612	777	612	0
4
4
5
