12
Time_01
Time_02
Time_03
Time_04
Time_05
Time_06
Time_07
Time_08
Time_09
Time_10
Time_11
Time_12
0	306	464	651	406	364	406	314	414	464	615	506
306	0	161	387	100	100	100	128	228	200	309	200
464	161	0	387	261	100	261	200	300	200	398	361
651	387	387	0	351	287	287	387	487	187	517	387
406	100	261	351	0	200	200	228	328	300	209	300
364	100	100	287	200	0	200	100	200	100	298	300
406	100	261	287	200	200	0	100	200	100	409	100
314	128	200	387	228	100	100	0	100	200	398	200
414	228	300	487	328	200	200	100	0	300	498	300
464	200	200	187	300	100	100	200	300	0	398	200
615	309	398	517	209	298	409	398	498	398	0	486
506	200	361	387	300	300	100	200	300	200	486	0
4
4
5
