12
Time_01
Time_02
Time_03
Time_04
Time_05
Time_06
Time_07
Time_08
Time_09
Time_10
Time_11
Time_12
0	659	459	559	559	266	430	430	166	659	642	330
659	0	200	100	258	593	635	635	493	358	302	535
459	200	0	100	100	393	557	557	293	200	302	457
559	100	100	0	200	493	656	656	393	300	202	556
559	258	100	200	0	493	657	478	393	100	402	557
266	593	393	493	493	0	364	364	100	453	695	264
430	635	557	656	657	364	0	200	264	757	550	100
430	635	557	656	478	364	200	0	264	578	646	100
166	493	293	393	393	100	264	264	0	493	595	164
659	358	200	300	100	453	757	578	493	0	502	657
642	302	302	202	402	695	550	646	595	502	0	546
330	535	457	556	557	264	100	100	164	657	546	0
4
4
5
