12
Time_01
Time_02
Time_03
Time_04
Time_05
Time_06
Time_07
Time_08
Time_09
Time_10
Time_11
Time_12
0	507	562	517	358	312	458	200	499	100	628	583
507	0	541	395	200	419	100	307	572	407	601	361
562	541	0	712	583	627	486	739	537	662	420	180
517	395	712	0	475	205	495	317	177	417	292	532
358	200	583	475	0	270	100	158	509	258	586	406
312	419	627	205	270	0	370	112	382	212	497	676
458	100	486	495	100	370	0	258	609	358	546	306
200	307	739	317	158	112	258	0	494	100	428	564
499	572	537	177	509	382	609	494	0	399	469	676
100	407	662	417	258	212	358	100	399	0	528	483
628	601	420	292	586	497	546	428	469	528	0	240
583	361	180	532	406	676	306	564	676	483	240	0
5
5
5
