12
Time_01
Time_02
Time_03
Time_04
Time_05
Time_06
Time_07
Time_08
Time_09
Time_10
Time_11
Time_12
0	398	503	160	287	387	387	100	387	401	200	659
398	0	420	557	111	211	100	416	211	311	316	533
503	420	0	365	309	209	409	403	409	509	403	592
160	557	365	0	446	546	546	260	503	403	360	777
287	111	309	446	0	100	100	305	100	200	205	574
387	211	209	546	100	0	200	405	200	300	305	674
387	100	409	546	100	200	0	405	200	300	305	633
100	416	403	260	305	405	405	0	405	366	100	559
387	211	409	503	100	200	200	405	0	100	305	474
401	311	509	403	200	300	300	366	100	0	266	374
200	316	403	360	205	305	305	100	305	266	0	640
659	533	592	777	574	674	633	559	474	374	640	0
4
4
5
