12
Time_01
Time_02
Time_03
Time_04
Time_05
Time_06
Time_07
Time_08
Time_09
Time_10
Time_11
Time_12
0	399	100	200	400	226	326	405	505	300	241	326
399	0	499	410	610	625	725	724	824	510	640	725
100	499	0	100	300	326	426	414	514	200	341	419
200	410	100	0	200	293	393	314	414	100	441	337
400	610	300	200	0	493	593	514	506	100	641	490
226	625	326	293	493	0	100	200	300	393	319	100
326	725	426	393	593	100	0	100	200	493	264	200
405	724	414	314	514	200	100	0	100	414	164	300
505	824	514	414	506	300	200	100	0	406	264	325
300	510	200	100	100	393	493	414	406	0	541	390
241	640	341	441	641	319	264	164	264	541	0	419
326	725	419	337	490	100	200	300	325	390	419	0
4
4
5
