12
Time_01
Time_02
Time_03
Time_04
Time_05
Time_06
Time_07
Time_08
Time_09
Time_10
Time_11
Time_12
0	625	489	289	389	699	599	217	475	100	489	525
625	0	424	398	450	300	200	630	324	587	498	100
489	424	0	200	100	324	224	563	100	389	200	324
289	398	200	0	100	450	350	506	226	189	200	450
389	450	100	100	0	350	250	589	126	289	100	350
699	300	324	450	350	0	100	687	224	639	450	200
599	200	224	350	250	100	0	587	124	539	350	100
217	630	563	506	589	687	587	0	463	317	689	687
475	324	100	226	126	224	124	463	0	415	226	224
100	587	389	189	289	639	539	317	415	0	389	625
489	498	200	200	100	450	350	689	226	389	0	450
525	100	324	450	350	200	100	687	224	625	450	0
4
4
5
