12
Time_01
Time_02
Time_03
Time_04
Time_05
Time_06
Time_07
Time_08
Time_09
Time_10
Time_11
Time_12
0	565	300	539	100	174	504	200	350	310	421	633
565	0	440	728	465	478	537	540	457	675	261	595
300	440	0	476	200	474	604	100	450	410	482	533
539	728	476	0	439	686	627	512	473	649	760	436
100	465	200	439	0	274	404	100	250	210	321	533
174	478	474	686	274	0	367	374	213	484	582	596
504	537	604	627	404	367	0	504	154	543	575	537
200	540	100	512	100	374	504	0	350	310	382	433
350	457	450	473	250	213	154	350	0	389	421	383
310	675	410	649	210	484	543	310	389	0	531	743
421	261	482	760	321	582	575	382	421	531	0	414
633	595	533	436	533	596	537	433	383	743	414	0
5
5
5
