12
Time_01
Time_02
Time_03
Time_04
Time_05
Time_06
Time_07
Time_08
Time_09
Time_10
Time_11
Time_12
0	822	636	577	563	477	377	722	463	337	563	832
822	0	521	462	459	362	462	100	359	691	365	740
636	521	0	259	305	159	259	421	205	745	228	603
577	462	259	0	562	100	200	362	464	686	487	733
563	459	305	562	0	464	564	365	100	579	100	475
477	362	159	100	464	0	100	262	364	586	387	698
377	462	259	200	564	100	0	362	464	686	487	598
722	100	421	362	365	262	362	0	316	591	265	640
463	359	205	464	100	364	464	316	0	679	100	475
337	691	745	686	579	586	686	591	679	0	679	495
563	365	228	487	100	387	487	265	100	679	0	375
832	740	603	733	475	698	598	640	475	495	375	0
4
4
5
