12
Minas
Cruzeiro
SESI-Bauru
Guarulhos
Blumenau
Campinas
Sao_Jose_dos_Campos
Suzano
Goias
Joinville
Praia_Clube
Neurologia_Ativa
0	22	605	576	1090	584	601	623	888	860	537	888
22	0	585	556	1070	564	581	603	866	838	517	866
605	585	0	22	574	98	95	50	871	704	537	871
576	556	22	0	592	68	67	29	844	675	512	844
1090	1070	574	592	0	560	585	621	1304	139	1015	1304
584	564	98	68	560	0	69	82	834	649	509	834
601	581	95	67	585	69	0	99	851	627	526	851
623	603	50	29	621	82	99	0	870	682	545	870
888	866	871	844	1304	834	851	870	0	1280	634	0
860	838	704	675	139	649	627	682	1280	0	1060	1280
537	517	537	512	1015	509	526	545	634	1060	0	634
888	866	871	844	1304	834	851	870	0	1280	634	0
4
4
5
